922244824423
906117666973
642085653807
639405174853
979362833700
489031894
153902507206
900305024664
267907262743
208005457740
379221013944
896670427219
862080423987
392305406835
793560257551
555970818519
839940550703
980721544499
564785586084
748573412676
981196755786
245421417690
993387156296
221742018940
899137677161
901490171909
173176514452
804360627837
795165423446
746893927996
93615350217
51221362248
64448951641
549108185084
718321498457
349569980720
537433026281
736884964307
407246838188
284746979086
267938954171
891872906960
357876659648
675421354937
640347812264
916637085907
522405568968
257399225463
172733089362
176353597481
685170007562
255040562080
847848906766
758265468657
19648175705
858399870857
951570092928
902153391675
74017279603
336998135410
635803348038
331271239049
284824593433
44220397514
217647388370
40361142395
305732057767
423212901418
816335595185
684854223815
267621277248
703651786144
248611636489
112990430198
565860145871
394352299005
203924308401
339218285650
974978609803
926458615958
341096412460
820508766799
320007764607
413311857122
979625507468
800893380824
564213393087
464096858995
994221107096
775892325093
168230355900
847022259969
720300673372
971359139576
302028650159
69065868558
926718776340
155148533230
774805533211
413887541737
